4126482195828610|02|2226|772
4126489592477690|02|2230|562
4126488721541853|06|2224|375
4126485709117638|10|2224|550
4126489809078473|10|2229|748
4126482738863394|03|2227|686
4126489280375382|01|2224|751
4126488103761285|02|2232|564
4126481785189227|12|2224|579
4126481386517069|02|2230|472
4126485712657675|11|2224|244
4126488985294023|12|2223|807
4126487150393920|12|2232|714
4126486686071590|10|2231|669
4126486184391171|06|2230|700
4126486115166734|05|2224|848
4126488985967228|05|2233|605
4126484202893901|12|2228|172
4126485691432594|08|2226|396
4126488688795924|06|2233|485
4126488158446344|06|2227|839
4126483970784046|05|2230|575
4126488698664560|07|2224|702
4126489546878345|01|2223|166
4126483499206715|03|2228|664
4126481298261054|12|2226|260
4126483506642490|04|2223|658
4126483251939631|03|2233|277
4126486971819913|12|2228|779
4126489482464970|11|2227|494
4126482092250986|12|2227|131
4126488812298262|10|2230|311
4126487216552625|12|2228|582
4126481300099710|11|2226|552
4126484108530283|10|2226|119
4126481716553546|10|2225|263
4126481616746123|01|2233|612
4126486323984071|01|2225|248
4126488299639993|10|2225|275
4126488356430714|09|2230|822
4126482105327732|10|2223|624
4126488303577881|12|2230|651
4126482883692042|05|2231|500
4126488349590593|01|2226|883
4126487014709844|10|2225|686
4126482269507955|01|2232|549
4126483764208320|11|2223|568
4126485272505951|09|2225|618
4126483262083117|07|2233|677
4126487855602495|12|2224|407
4126484421195154|11|2223|508
4126483504191426|08|2231|655
4126481641250238|02|2229|343
4126486095549999|12|2225|179
4126482810805674|03|2232|958
4126488672814372|10|2231|916
4126481519036864|06|2225|381
4126484696531039|11|2231|350
4126482999671314|02|2229|646
4126489470621125|11|2228|552
4126484998916870|06|2232|447
4126489037009743|01|2229|634
4126486651889199|01|2230|275
4126485969907560|02|2225|127
4126487759936198|08|2230|136
4126485130795307|07|2224|206
4126481350226593|03|2224|902
4126485159168950|10|2227|255
4126488576606024|03|2229|158
4126484589410761|10|2229|355
4126485032775280|02|2226|941
4126488536876716|11|2226|546
4126485543146294|12|2230|158
4126484389583218|10|2223|516
4126481893272538|08|2232|849
4126487430613154|03|2226|405
4126486049803026|09|2227|662
4126481715993945|11|2233|898
4126483147254369|01|2227|262
4126481255843501|08|2225|248
4126484550691011|02|2224|390
4126486768000894|12|2233|560
4126489616849363|09|2225|752
4126482460353006|08|2233|754
4126489535746806|04|2227|931
4126481783825507|04|2230|735
4126484167591783|10|2226|701
4126481115231964|01|2225|616
4126489023057293|06|2228|254
4126484011314362|11|2229|292
4126489237317580|11|2226|579
4126485185082225|09|2224|695
4126485534218277|05|2227|544
4126486061673323|05|2228|569
4126486510053151|05|2231|699
4126487812797122|04|2224|284
4126487006842357|02|2233|742
4126489673267659|02|2232|705
4126485248456791|08|2233|617
4126487507277593|01|2233|369
4126481416360206|03|2227|886
4126483582322223|02|2229|248
4126483226586422|11|2223|237
4126484686321521|11|2226|191
4126484230736473|12|2228|511
4126489023419772|11|2230|342
4126485800875670|05|2225|478
4126483237869173|11|2223|777
4126486388466715|04|2225|961
4126483667794457|09|2233|454
4126489587915180|06|2226|448
4126481993423123|05|2223|231
4126483673158610|11|2223|995
4126488034298923|09|2229|997
4126488230749812|04|2233|368
4126485435019968|05|2223|778
4126485757280370|12|2231|194
4126489013936449|06|2229|375
4126489394287817|01|2228|949
4126483575029206|12|2225|269
4126485530574563|04|2224|421
4126487235350719|01|2227|760
4126487199930475|01|2232|690
4126482550453493|12|2227|223
4126486940569783|05|2226|121
4126487365124815|01|2229|629
4126483156721163|07|2232|364
4126486070958768|05|2229|945
4126487235062342|03|2223|938
4126486476434467|10|2223|418
4126482907925575|02|2226|277
4126486147890566|11|2226|959
4126483599735197|04|2227|254
4126484246010315|02|2226|172
4126484064990545|05|2225|707
4126484785264647|10|2228|145
4126489346713904|10|2225|231
4126488972916557|04|2225|313
4126484249127098|04|2225|783
4126482132153433|06|2231|953
4126489255986042|08|2223|995
4126488197546508|12|2231|413
4126483462172407|03|2232|882
4126482878468224|09|2230|154
4126488851066178|01|2223|574
4126485591329767|11|2230|969
4126485056937508|04|2228|637
4126482939750753|02|2232|980
4126484677647860|01|2230|119
4126489961004072|11|2223|234
4126486668789339|08|2225|461
4126483885718139|06|2233|303
4126483762347029|08|2230|268
4126487570417009|01|2226|423
4126488274658658|12|2224|973
4126488396347756|02|2223|312
4126488671997229|03|2232|435
4126488503877394|10|2224|223
4126484845912535|08|2226|262
4126485380855061|01|2233|995
4126482522968898|09|2226|138
4126489226843768|04|2227|634
4126487239106732|07|2225|343
4126482591406226|08|2230|954
4126487042608598|05|2229|406
4126484307818317|02|2226|722
4126484413950641|08|2229|165
4126484372540058|04|2233|331
4126482328866319|09|2226|775
4126487692709958|06|2226|367
4126488852701089|03|2230|732
4126481165953754|12|2230|661
4126483008500804|02|2224|902
4126487559058111|01|2224|850
4126485977653838|03|2230|426
4126487097506417|10|2233|522
4126482303564908|07|2225|293
4126486969172490|01|2231|570
4126486963116320|05|2225|599
4126481493173728|07|2230|249
4126481545820604|04|2223|958
4126484910902784|08|2232|572
4126485477911783|06|2232|678
4126486813054048|08|2232|173
4126485822734327|04|2223|892
4126481320681097|08|2230|855
4126487177364168|01|2232|528
4126481280709310|01|2226|877
4126485830778528|02|2224|851
4126488026788757|08|2229|341
4126486147394650|12|2224|243
4126485874137834|04|2228|669
4126486292223074|07|2227|812
4126481160493911|02|2231|650
4126483576164273|11|2225|904
4126484079894263|10|2233|933
4126484722068728|01|2232|866
4126488661969501|07|2225|401
4126483058271457|01|2229|818
4126484155569042|03|2233|594
4126487029417734|10|2226|207
4126489613107708|08|2233|187
4126486612881715|12|2228|797
4126485197547771|06|2230|754
4126484967941979|03|2227|482
4126489430769783|05|2230|432
4126485510408162|02|2232|669
4126483233024619|12|2225|977
4126482670129183|08|2228|510
4126481738123893|04|2229|208
4126484949281108|10|2232|977
4126486127618717|02|2229|824
4126484134737983|06|2231|755
4126488840904888|02|2227|911
4126489509775009|08|2230|440
4126487085063645|01|2231|961
4126484381882603|12|2229|890
4126486322025097|02|2233|527
4126488121347888|11|2229|879
4126487892705452|11|2232|758
4126482794298195|08|2233|607
4126487047094232|07|2232|554
4126488301899918|05|2229|230
4126486588047722|12|2230|605
4126489846535254|10|2230|267
4126483214437664|03|2226|580
4126481306862831|11|2228|564
4126487497742567|03|2227|478
4126484042992966|05|2227|273
4126488569304596|12|2223|486
4126488568895922|12|2232|123
4126486572636469|05|2226|924
4126484121512435|12|2226|619
4126481218126068|01|2233|369
4126481423270393|01|2223|243
4126488569770834|05|2228|584
4126484305603662|07|2230|597
4126481199291598|11|2231|863
4126486336529117|10|2230|724
4126485281902655|12|2226|265
4126482485540544|02|2225|621
4126488651924446|02|2229|397
4126481471612306|06|2228|680
4126486947304384|04|2231|892
4126485401725349|09|2228|554
4126488015028253|10|2226|447
4126489247532560|11|2228|868
4126483714650741|04|2227|312
4126488292824630|10|2230|644
4126482709429337|01|2225|767
4126485525903175|06|2228|221
4126484661997526|04|2228|307
4126487180753284|01|2227|166
4126485222259016|07|2228|797
4126483382989603|08|2233|778
4126481568243586|04|2233|551
4126488157981417|01|2232|256
4126482102109841|04|2233|401
4126489360665203|10|2232|929
4126487961632463|03|2233|674
4126481491049560|04|2229|514
4126485249808103|03|2226|596
4126486861157223|12|2224|125
4126481257753953|05|2229|223
4126487800886788|03|2232|993
4126481147488913|03|2226|473
4126482446866929|01|2233|404
4126481555356416|04|2226|833
4126486104541126|11|2226|650
4126484099472357|05|2225|342
4126487679958781|09|2232|348
4126487425752804|03|2228|827
4126484916115595|12|2232|856
4126484474252031|05|2229|618
4126483306320473|04|2229|904
4126487544039175|01|2230|531
4126485702768817|01|2228|694
4126482208488832|08|2231|744
4126488953270436|03|2231|454
4126486345006851|02|2224|913
4126488363928394|09|2231|568
4126482182162711|10|2230|418
4126487048175043|02|2223|284
4126485800798791|06|2227|878
4126481743140279|04|2225|356
4126487753986111|01|2230|461
4126482096915464|02|2226|952
4126489645415215|01|2226|688
4126487243612581|05|2228|567
4126481571914893|10|2224|604
4126489640372877|12|2231|905
4126489139151491|04|2232|597
4126489318760619|04|2225|817
4126481601571831|07|2228|770
4126485862630906|05|2223|455
4126486235662329|04|2229|114
4126483118534644|08|2226|900
4126483610850704|01|2223|907
4126487944043817|10|2226|381
4126489122226003|09|2225|970
4126481223415169|06|2229|943
4126482317742085|06|2224|116
4126486422510402|07|2227|303
4126482258225916|01|2233|248
4126481934106556|10|2226|180
4126482966740449|12|2227|557
4126488646973648|09|2232|147
4126481646636912|12|2226|650
4126484292980447|05|2230|840
4126484228684788|06|2228|433
4126482390483466|03|2224|473
4126481548727665|09|2225|827
4126487473102555|06|2227|910
4126483099205322|12|2229|190
4126485862120696|07|2226|717
4126487463928079|07|2226|702
4126486283687906|02|2227|687
4126482698889739|07|2226|939
4126488508098595|06|2227|738
4126483051110788|12|2226|343
4126486519707078|03|2230|521
4126489280580711|08|2231|448
4126481993474545|06|2228|152
4126481513043687|04|2226|538
4126484967827099|10|2231|245
4126484773104398|05|2226|769
4126481367810183|02|2223|728
4126488081273730|01|2232|838
4126484451394422|06|2231|970
4126486477007834|07|2233|790
4126487031507092|11|2229|652
4126489401174357|12|2226|556
4126489907929621|10|2225|799
4126482454514461|02|2225|357
4126485527131574|06|2231|565
4126489978299022|08|2231|497
4126485061035769|05|2226|618
4126486324296307|07|2223|808
4126483083072620|06|2228|616
4126486828462033|11|2231|635
4126488505282277|03|2227|560
4126488304477858|10|2227|129
4126488190732584|05|2223|734
4126487395239656|02|2224|922
4126485194737196|04|2226|206
4126481819084869|04|2228|862
4126487627603311|02|2231|555
4126488097499344|02|2227|343
4126489539554327|10|2229|586
4126486034367303|08|2231|430
4126481631716110|09|2225|511
4126486502276179|06|2224|135
4126487065965846|02|2233|360
4126487564323680|11|2230|442
4126483412160567|05|2231|197
4126481858089626|02|2231|557
4126482243324902|10|2226|118
4126481230066627|11|2228|179
4126483399243957|11|2226|901
4126484118348499|06|2226|373
4126486887015740|02|2226|764
4126481636694767|08|2231|935
4126489876294332|08|2229|973
4126483835236441|09|2233|804
4126482432376786|08|2229|266
4126485806644388|01|2225|362
4126483066915870|02|2226|538
4126488703939410|07|2224|947
4126486101670032|04|2227|117
4126482912561293|09|2225|893
4126487805122256|08|2223|338
4126482930225852|09|2231|997
4126486594416648|12|2228|179
4126481528253088|07|2228|363
4126481347154342|02|2233|441
4126482283126238|09|2226|444
4126489713689940|04|2227|652
4126488344844455|09|2224|544
4126482355183049|05|2225|904
4126484602855532|09|2226|165
4126485643096883|07|2226|664
4126483639560409|01|2223|561
4126485007553027|10|2227|553
4126481764916738|08|2232|330
4126489340460103|11|2231|241
4126486903534696|09|2223|689
4126483452595322|06|2231|586
4126483125722013|05|2226|544
4126487914897431|12|2229|150
4126481634027825|06|2227|822
4126485258628454|12|2232|657
4126486673059234|09|2232|744
4126481937515620|04|2230|722
4126483352208100|02|2224|643
4126482837743446|03|2232|721
4126481602723015|04|2232|776
4126489425370951|01|2233|738
4126485867480112|01|2230|181
4126487701125948|10|2228|535
4126488969213510|04|2233|732
4126481281462206|04|2223|331
4126483944020470|05|2230|689
4126485685221707|11|2233|476
4126488758090901|10|2230|987
4126488701413866|02|2232|231
4126482620072390|05|2225|944
4126486968049391|12|2230|184
4126489763338058|06|2233|551
4126489348586526|12|2231|841
4126488237799518|04|2233|800
4126484647827953|01|2225|559
4126484595015407|03|2227|356
4126485667677822|06|2225|694
4126487006503189|09|2225|373
4126488543581734|04|2230|199
4126482302965838|08|2231|244
4126485604380103|02|2232|348
4126487898596160|09|2223|247
4126484643770015|02|2230|305
4126481407508516|04|2226|121
4126488944327618|07|2225|662
4126489802628354|06|2225|300
4126485615805249|06|2228|803
4126487576532163|06|2232|823
4126483752312108|05|2229|468
4126485837805989|06|2228|401
4126485684299544|11|2227|580
4126486419220005|07|2226|939
4126485610094389|04|2228|925
4126484272269382|06|2228|179
4126483875965798|04|2232|149
4126484810573358|04|2226|294
4126489562575156|03|2232|649
4126485272354183|12|2225|941
4126488048022632|11|2232|845
4126489584684185|01|2226|643
4126487627489664|09|2224|874
4126484913475749|12|2226|519
4126481945167132|03|2227|392
4126486035848212|01|2227|440
4126484348333531|01|2223|721
4126483756968671|03|2229|634
4126484202444802|12|2231|200
4126482278746827|12|2233|769
4126483153999326|04|2223|370
4126483421052161|09|2226|357
4126482753295048|09|2230|150
4126486506956312|07|2233|637
4126485807990406|05|2232|692
4126485268039197|10|2230|687
4126482792114167|08|2224|464
4126482381993507|07|2230|217
4126486326789828|05|2230|849
4126482985931451|12|2233|228
4126487413715341|06|2229|529
4126485576126871|11|2226|553
4126485478912453|03|2226|964
4126488620544447|01|2225|681
4126483628113987|07|2231|391
4126484562616584|02|2223|393
4126483844800447|08|2225|347
4126483277653067|03|2223|501
4126482609470875|08|2229|908
4126484325071984|04|2225|860
4126489781246329|10|2223|303
4126488779156265|04|2230|589
4126485434258021|10|2229|432
4126486138958081|09|2227|638
4126488265508299|02|2226|997
4126489910463336|11|2231|449
4126481779995645|05|2225|547
4126488360275152|09|2224|933
4126481158802343|09|2231|238
4126487462620764|08|2224|394
4126483760437849|03|2231|120
4126483826959735|05|2228|730
4126482146408209|10|2225|384
4126484080684199|04|2226|390
4126482668182607|06|2231|473
4126482722148292|11|2231|607
4126483737400166|06|2229|855
4126485579235755|04|2228|994
4126485089426920|05|2225|412
4126485256162814|01|2233|265
4126482029343270|09|2226|749
4126487041101195|06|2224|156
4126484402378213|12|2224|475
4126483230191985|02|2233|736
4126485533477959|09|2224|118
4126481573990037|03|2229|157
4126484041370654|11|2232|753
4126483406355697|05|2223|788
4126488618783575|06|2230|889
4126488977040654|07|2230|976
4126488188802755|08|2233|547
4126485230675749|07|2231|658
4126487420665656|04|2232|389
4126484504297678|03|2227|816
4126482106489002|03|2227|977
4126488041588640|07|2228|147
4126481407558025|08|2228|614
4126486687175312|09|2231|438
4126487741068730|09|2225|851
4126484792735580|12|2223|875
4126483932160522|07|2227|375
4126485149764539|03|2229|408
4126484366383711|07|2224|926
4126485943700053|04|2228|141
4126486418599158|01|2232|284
4126482617246397|02|2223|433
4126486565038364|06|2226|190
4126487419907801|03|2227|735
4126484795497704|03|2229|268
4126481827860824|08|2225|328
4126484417854227|07|2230|587
4126484937701581|11|2226|907
4126489399265092|09|2226|909
4126486738039105|11|2223|509
4126489378427483|04|2223|170
4126488189343844|06|2225|598
4126481119353031|09|2228|502
4126481162550522|04|2225|261
4126489877900434|06|2230|494
4126488746082695|05|2224|395
4126489680485697|08|2230|795
4126489924851031|12|2224|435
4126487477519192|05|2231|160
4126482450146973|03|2224|732
4126481216360595|10|2228|697
4126488870603466|01|2230|669
4126487789629336|07|2229|961
4126489255745420|03|2225|700
4126489373430345|08|2223|304
4126486069260587|07|2224|136
4126483071020432|10|2224|237
4126488554615386|04|2223|174
4126484121971447|11|2225|757
4126489230584238|06|2223|594
4126488925163108|01|2223|931
4126483851739665|11|2224|913
4126483724016393|09|2229|386
4126482533583081|04|2232|585
4126482710105380|04|2225|797
4126489037511404|10|2224|227
4126481322154775|07|2223|643
4126483839426794|03|2230|318
4126481709576941|10|2223|683
4126489015232378|09|2223|810
4126482728043855|02|2224|528
4126486939145562|03|2223|323
4126481164245338|12|2227|245
4126481587935526|06|2226|933
4126489910381195|08|2231|407
4126485857073376|03|2229|920
4126486028763277|07|2223|742
4126486557668270|04|2231|552
4126484962307105|07|2226|746
4126482816224611|12|2230|980
4126484732908544|04|2229|166
4126482099266375|03|2225|731
4126481190504103|04|2232|374
4126483690283450|07|2227|817
4126488290078735|03|2227|766
4126489901979148|06|2229|610
4126484556557509|10|2227|169
4126483426223357|05|2231|266
4126488108104017|10|2226|972
4126488914254977|05|2227|911
4126485137576522|04|2230|474
4126489553107238|10|2227|173
4126489394931571|01|2231|733
4126486269324874|08|2223|128
4126486005685307|06|2226|291
4126488414336973|03|2228|576
4126481159719730|01|2226|420
4126489905067502|03|2227|568
4126486125582666|07|2225|869
4126485765423951|12|2224|961
4126486444288996|08|2228|454
4126489634695656|11|2224|946
4126483012452963|04|2224|681
4126482226950924|03|2225|462
4126486055498803|07|2233|763
4126486979357338|12|2225|869
4126488596085626|06|2232|917
4126489263154750|06|2223|546
4126484134653884|12|2226|376
4126484370930358|03|2233|504
4126481616759055|02|2228|847
4126481137220813|09|2231|361
4126483103675044|03|2230|862
4126486820230001|03|2233|133
4126483247649855|06|2226|150
4126483523257725|04|2229|522
4126485391000023|12|2232|353
4126481563711911|08|2230|494
4126488068275721|04|2232|115
4126481293269036|03|2231|741
4126482303078235|03|2231|401
4126484062507010|01|2225|741
4126486058839336|02|2232|216
4126484728881837|06|2232|265
4126488096975048|10|2233|708
4126489849271331|08|2232|628
4126486179391894|08|2229|907
4126486098730165|05|2233|481
4126485313343214|06|2231|658
4126482038694350|03|2227|924
4126488538095613|09|2233|837
4126489489856457|02|2229|262
4126488224788830|03|2227|251
4126487081378789|02|2226|285
4126486607380101|01|2226|223
4126487622389196|08|2224|268
4126488282940321|05|2226|994
4126481959556074|02|2229|600
4126482590462651|10|2231|828
4126489517418914|11|2223|550
4126489163934784|10|2231|987
4126485446304003|04|2232|829
4126483275625759|06|2225|833
4126489321811722|12|2224|309
4126485160001420|08|2225|438
4126481338634534|12|2223|366
4126488684862904|05|2223|814
4126486853954136|05|2233|146
4126487267731486|06|2227|145
4126489178676323|03|2223|462
4126482110644935|11|2230|702
4126486642204156|03|2228|495
4126486001890363|10|2227|862
4126489470488548|05|2233|320
4126481206222823|09|2226|831
4126489849799728|03|2232|651
4126489851225204|03|2225|338
4126485238081653|09|2225|410
4126488262717136|03|2229|373
4126487327271074|01|2233|648
4126487730568691|11|2230|498
4126483620563303|09|2227|545
4126487807010770|04|2232|856
4126483083820214|05|2233|954
4126488235095039|05|2231|428
4126483591710152|04|2227|926
4126485008902067|10|2231|511
4126485947800156|06|2224|896
4126484463874950|10|2229|399
4126485591623924|11|2229|434
4126487640009855|08|2224|759
4126481611031543|11|2226|151
4126482755457245|03|2227|958
4126482294653166|01|2227|871
4126483339037471|02|2228|361
4126488161369964|11|2223|540
4126481935952544|09|2228|161
4126487353676381|11|2233|960
4126489027430316|09|2232|664
4126489869936179|09|2225|842
4126489571643985|01|2226|971
4126487526482122|04|2225|842
4126483790487999|04|2224|153
4126488313203326|05|2233|910
4126489965253082|05|2231|844
4126482488549227|11|2227|644
4126485526456150|10|2230|379
4126487934555605|07|2225|464
4126486765397924|10|2233|197
4126481460272665|07|2225|284
4126485102237877|05|2225|624
4126488645050424|01|2225|311
4126489780534819|08|2227|203
4126485181775528|03|2227|714
4126483152439094|02|2228|358
4126481843060079|04|2231|214
4126483466202907|02|2225|771
4126484555499931|05|2227|582
4126484213205845|07|2226|616
4126489553186265|03|2223|407
4126484525768876|11|2223|575
4126483562832627|10|2224|355
4126484695273710|01|2229|729
4126487988289127|01|2226|660
4126483433443933|06|2232|348
4126482228514040|09|2229|413
4126489595112829|06|2229|802
4126483064136287|09|2224|584
4126489052951954|03|2226|925
4126485899668545|12|2228|582
4126481565814737|11|2231|624
4126485096225637|01|2227|202
4126485878527089|10|2224|403
4126487982825892|01|2223|404
4126487270246848|06|2224|791
4126488788804794|03|2228|904
4126484715470854|06|2231|279
4126489261929985|08|2229|910
4126489612131312|02|2230|613
4126489333921552|07|2232|789
4126483262355309|03|2229|205
4126481180856326|02|2226|455
4126483610778435|07|2223|454
4126486711028093|09|2223|303
4126489117105836|10|2223|290
4126482434481433|12|2230|202
4126487178506721|09|2233|364
4126481360141330|06|2228|334
4126482779319420|04|2232|352
4126487277924881|02|2223|209
4126481842291326|05|2224|572
4126482346876566|09|2224|936
4126484123164240|10|2233|927
4126482290231076|07|2230|900
4126484988033794|02|2224|944
4126489931683484|11|2226|175
4126484447328610|09|2228|649
4126486510161558|04|2224|932
4126488611807935|06|2227|273
4126481542437419|10|2230|409
4126481209970693|02|2227|821
4126483120245590|09|2223|796
4126489271641194|04|2225|545
4126483172462630|05|2228|888
4126484611714095|04|2228|784
4126484689944379|03|2228|866
4126489226260337|05|2232|520
4126487508978583|10|2226|687
4126482407039150|02|2223|322
4126489072781367|07|2228|701
4126482146228485|01|2231|806
4126484923985943|02|2232|261
4126483235002718|04|2231|345
4126482501605520|08|2230|735
4126485571728615|05|2225|804
4126481163751395|02|2228|347
4126489870295681|11|2232|831
4126483380671138|07|2233|444
4126486299321147|07|2227|536
4126483113964750|11|2223|694
4126485327094029|07|2224|456
4126485200265818|09|2225|239
4126485766390001|04|2223|386
4126483662572562|02|2230|294
4126485516786791|11|2228|158
4126482872222660|04|2224|792
4126485082813777|06|2224|875
4126482859370272|12|2225|378
4126483482178930|05|2233|606
4126481900220207|08|2232|244
4126483875785326|11|2233|241
4126489147315551|04|2228|735
4126486611956266|09|2224|642
4126488126585030|05|2228|664
4126481862146441|04|2225|646
4126488482746326|01|2226|818
4126485125777731|10|2225|507
4126482535294032|06|2230|673
4126489866895615|02|2233|461
4126489962349738|05|2230|708
4126487892316104|05|2224|290
4126484994612531|12|2231|347
4126485275540656|03|2230|525
4126481779853107|01|2223|152
4126487209320699|05|2225|716
4126482580025968|04|2223|411
4126485670151670|08|2232|246
4126486544237168|10|2229|914
4126484045709872|01|2229|587
4126489250140252|07|2228|737
4126483940445701|08|2224|651
4126487453384988|09|2225|280
4126488690673184|05|2223|436
4126481711833476|03|2227|751
4126484767186042|05|2227|923
4126487151996885|08|2227|239
4126484692112307|02|2231|219
4126486833164922|02|2226|117
4126482219559857|09|2225|795
4126483273567482|03|2227|652
4126484349512064|09|2226|266
4126489329919135|12|2233|369
4126484282277986|08|2232|452
4126487563611006|11|2229|820
4126482298323640|05|2230|193
4126485123540951|08|2225|228
4126487213777052|02|2229|718
4126481244565088|09|2227|280
4126481342824288|04|2228|711
4126481847113519|07|2224|645
4126483430328988|05|2233|235
4126486504432752|05|2230|386
4126482461552787|04|2227|867
4126485886815847|03|2228|412
4126486718073457|01|2233|691
4126487321424184|09|2224|889
4126484487839421|04|2223|498
4126481755965575|01|2230|385
4126481657147824|02|2226|858
4126481823541579|08|2232|389
4126484208576099|04|2233|793
4126483289212462|12|2228|480
4126481297986601|08|2224|179
4126488536124909|01|2224|969
4126484636009479|05|2228|670
4126483023740585|01|2223|629
4126485092224689|02|2233|307
4126481712673357|08|2228|217
4126485499193031|07|2228|287
4126487544133223|03|2228|685
4126483895390789|11|2229|673
4126487201363117|04|2231|865
4126484590603658|03|2227|600
4126486578157520|08|2228|394
4126485991500018|08|2226|543
4126488750645985|10|2232|334
4126486522684122|01|2224|553
4126486696914759|11|2223|856
4126481375078319|12|2231|628
4126484394092137|04|2227|458
4126488685767539|11|2231|530
4126485015666643|06|2229|841
4126486836291270|09|2224|928
4126485957484882|05|2228|902
4126489448242725|09|2224|828
4126484754271090|02|2225|387
4126486160340666|05|2227|841
4126486746339371|03|2225|863
4126486729002799|04|2230|292
4126485558824755|08|2223|462
4126483947121246|08|2229|524
4126481618581963|12|2227|348
4126484157388730|09|2227|360
4126482140896600|07|2228|847
4126484929686854|09|2224|384
4126482623041162|05|2225|443
4126482411084275|09|2230|614
4126486980646568|08|2230|407
4126483482403758|04|2230|377
4126488164669388|04|2225|257
4126488955373799|03|2224|279
4126486329686440|05|2230|821
4126488066871344|11|2228|620
4126484905758840|03|2233|412
4126485654667670|06|2229|617
4126484380077548|06|2232|966
4126485839844399|07|2230|509
4126489777202581|02|2229|296
4126484581398858|04|2226|863
4126482880885703|10|2230|224
4126483442396063|07|2225|801
4126484719913730|04|2232|720
4126483103040497|03|2230|718
4126482125268431|05|2227|789
4126486551303060|09|2224|743
4126485729162599|11|2229|482
4126484675755106|09|2227|326
4126484262764447|01|2228|915
4126482104543877|08|2224|313
4126482516843614|09|2223|418
4126486856509173|01|2230|910
4126487196809992|11|2223|213
4126484507925204|06|2231|713
4126481537346062|02|2232|612
4126487784372351|07|2232|284
4126487263470905|11|2230|830
4126484069632849|11|2226|618
4126486582746205|06|2230|350
4126489014687644|09|2224|478
4126487589747817|11|2225|392
4126485456345254|10|2231|114
4126481677779376|07|2228|172
4126489708192813|04|2224|334
4126483787806393|10|2224|844
4126486098396827|01|2229|897
4126489968543906|05|2223|757
4126485986290429|06|2229|406
4126489804555030|06|2223|557
4126484714496827|07|2232|689
4126485511177059|12|2224|854
4126489529144602|11|2233|422
4126481691860438|09|2232|335
4126486389082031|10|2226|163
4126487964738370|10|2233|340
4126482407053955|06|2228|584
4126486170578157|04|2223|970
4126488324563486|10|2223|652
4126482145192327|10|2227|303
4126481170367264|11|2228|818
4126485137851743|11|2232|641
4126487205843311|04|2227|292
4126486405971921|12|2224|895
4126486643666562|12|2228|655
4126482735576056|01|2227|229
4126481330465546|04|2230|779
4126486435159041|09|2225|162
4126486268279708|08|2223|112
4126484784264561|04|2231|180
4126483551164454|12|2224|417
4126486532190228|09|2224|932
4126488595564759|05|2229|927
4126484710238508|06|2231|392
4126482459503312|12|2224|391
4126482101541056|03|2226|341
4126489810150649|07|2233|679
4126481407864743|09|2226|851
4126486990772326|04|2223|245
4126485951954011|10|2223|321
4126482849666881|05|2227|896
4126486726329668|05|2225|528
4126488830155231|08|2224|789
4126482832771079|05|2231|756
4126487996678298|06|2224|118
4126489423616339|02|2223|426
4126487752161074|09|2227|329
4126485977009266|02|2228|270
4126487261606369|04|2227|537
4126482567766595|09|2223|513
4126482678952112|05|2226|259
4126483586366480|03|2232|628
4126488124678875|05|2226|973
4126488342200655|03|2232|681
4126485256123455|03|2231|954
4126484272551304|09|2232|120
4126486750774547|04|2227|514
4126488657770840|02|2227|233
4126483965110908|02|2232|705
4126485294246169|08|2227|732
4126488196915546|01|2224|531
4126485010395234|01|2225|392
4126483240339592|09|2232|567
4126487661364168|05|2223|744
4126484864113216|06|2224|376
4126486643434176|03|2228|836
4126489835270666|03|2225|386
4126486106131684|08|2233|594
4126488399666104|09|2225|213
4126484985954713|10|2231|264
4126481580670787|06|2231|533
4126483342232751|02|2226|916
4126481513665988|01|2225|127
4126489319058304|01|2225|580
4126488858703723|12|2228|538
4126488996241648|05|2224|253
4126488858210149|04|2228|315
4126484916398210|06|2229|618
4126489505988661|04|2223|364
4126481785784819|09|2227|195
4126483252731116|10|2223|163
4126484618438357|04|2227|528
4126488513957382|05|2229|777
4126483642884735|10|2233|140
4126483016265165|12|2227|421
4126484359520036|07|2233|762
4126489330915475|10|2232|931
4126481851200327|07|2224|439
4126489792939852|07|2226|940
4126487543364522|01|2224|357
4126482939471315|07|2225|884
4126488887989441|01|2228|954
4126488410452343|03|2231|147
4126484907848294|07|2229|934
4126481665793776|07|2231|240
4126483700606082|12|2231|860
4126489974004507|01|2224|485
4126484144690279|09|2226|679
4126482908601062|07|2224|392
4126485120019641|09|2226|523
4126483711590416|11|2233|274
4126481916246422|12|2228|426
4126488141630542|09|2233|819
4126485585844182|02|2225|632
4126487602127194|08|2227|151
4126482886899794|02|2232|610
4126489226036659|09|2225|466
4126489475395537|03|2227|691
4126487296868720|03|2233|644
4126484177982758|03|2230|564
4126483648699405|12|2224|483
4126487824815300|03|2227|529
4126482593283251|03|2225|905
4126487322210655|07|2231|961
4126482692133202|06|2225|203
4126482731153247|06|2231|406
4126483525465542|11|2225|767
4126485463573138|04|2232|258
4126485334568463|11|2227|555
4126482856409811|07|2232|170
4126486271359078|10|2224|343
4126486028547668|10|2230|292
4126485426526396|03|2231|934
4126483383178295|12|2232|623
4126485951826455|06|2227|498
4126485175964096|07|2233|564
4126484144696492|10|2224|432
4126482232707980|03|2228|193
4126482805440197|01|2233|600
4126489525016882|11|2233|298
4126487717129365|08|2225|782
4126484138588511|11|2232|596
4126487099806414|06|2228|851
4126484831151217|08|2233|893
